0 0.5 0.6066666666666667 1 0.7866666666666666
0 0.5 0.8183333333333334 1 0.36333333333333334
0 0.5 0.8133333333333334 1 0.37333333333333335
0 0.5 0.7166666666666667 1 0.5666666666666667
0 0.5 0.6466666666666666 1 0.7066666666666667
0 0.5 0.5333333333333333 1 0.9333333333333333
0 0.5 0.7283333333333334 1 0.5433333333333333
0 0.5 0.9083333333333333 1 0.18333333333333332
0 0.5 1 1 0
0 0.5 0.9166666666666666 1 0.16666666666666666
0 0.5 0.5016666666666667 1 0.9966666666666667
0 0.5 0.5016666666666667 1 0.9966666666666667
0 0.5 1 1 0